4294967279,41
4294967279,40
4294967279,38
4294967279,29
4294967279,27
4294967279,26
4294967279,20
4294967279,12
4294967279,11
4294967294,82
4294967278,372
4294967278,132
4294967278,131
4294967278,366
4294967278,130
4294967278,256
4294967278,129
4294967278,128
4294967278,127
4294967278,126
4294967278,125
4294967278,124
4294967278,123
4294967278,122
4294967278,121
4294967278,120
4294967278,119
4294967278,118
4294967278,117
4294967278,116
4294967278,115
4294967278,114
4294967278,113
4294967278,112
4294967278,111
4294967278,110
4294967278,109
4294967278,107
4294967278,104
4294967278,103
4294967278,102
4294967278,101
4294967278,100
4294967278,99
4294967278,98
4294967278,97
4294967278,340
4294967278,95
4294967278,94
4294967278,93
4294967278,92
4294967278,91
4294967278,90
4294967278,89
4294967278,87
4294967278,252
4294967278,86
4294967278,85
4294967278,84
4294967278,324
4294967278,83
4294967278,323
4294967278,82
4294967278,81
4294967278,80
4294967278,79
4294967278,78
4294967278,77
4294967278,76
4294967278,75
4294967278,74
4294967278,73
4294967278,72
4294967278,71
4294967278,70
4294967278,69
4294967278,68
4294967278,67
4294967278,66
4294967278,62
4294967278,61
4294967278,60
4294967278,59
4294967278,58
4294967279,72
4294967279,71
4294967279,69
4294967279,62
4294967279,60
4294967279,59
4294967279,57
4294967279,56
4294967279,55
4294967279,49
4294967279,47
4294967279,46
4294967279,43
4294967279,35
4294967279,32
4294967279,22
4294967279,13
4294967279,9
4294967279,8
4294967279,6
4294967279,5
4294967279,4
4294967278,65
4294967279,65
4294967278,64
4294967278,225
4294967279,64
4294967278,63
4294967294,30
4294967279,522
4294967278,57
4294967278,369
4294967278,166
4294967278,165
4294967294,5
4294967294,173
4294967294,1000
4294967294,163
4294967278,0
4294967279,295
4294967279,539
4294967279,0
4294967278,300
4294967278,160
4294967294,419
4294967294,92
4294967294,90
4294967294,88
4294967294,86
4294967294,53
4294967294,84
4294967294,149
4294967294,205
4294967294,129
4294967294,1015
4294967294,45
4294967294,427
4294967294,42
4294967294,41
4294967294,38
4294967294,36
4294967294,39
4294967294,51
4294967279,291
4294967278,299
4294967294,9
4294967278,297
4294967294,7
4294967279,45
4294967279,156
4294967278,153
90,7
90,6
4294967278,155
90,5
90,4
4294967278,154
90,3
90,2
90,1
4294967279,220
4294967279,39
4294967279,289
4294967278,295
4294967279,551
4294967278,308
4294967294,437
4294967279,30
4294967279,286
4294967294,413
4294967294,167
4294967294,169
4294967294,450
4294967294,386
4294967294,458
4294967294,454
4294967278,140
4294967279,28
4294967279,517
4294967278,139
4294967278,332
4294967279,268
4294967278,286
4294967279,278
4294967279,7
4294967279,15
4294967279,298
4294967278,269
4294967279,575
4294967278,268
4294967278,282
86,5
86,4
86,3
86,2
86,1
4294967279,274
4294967279,557
4294967278,370
4294967279,546
4294967278,254
84,5
4294967278,343
84,4
84,3
84,2
84,1
4294967279,552
4294967279,248
4294967278,248
4294967278,246
4294967278,245
4294967278,244
4294967278,238
4294967279,241
4294967279,242
4294967279,239
82,5
4294967278,237
4294967279,236
4294967278,236
82,4
4294967279,235
82,3
82,2
82,1
4294967279,234
4294967279,233
4294967278,233
4294967279,232
4294967278,230
4294967279,225
4294967278,228
4294967278,229
4294967279,226
4294967278,226
81,5
4294967279,223
4294967279,221
81,4
81,3
81,2
81,1
4294967278,219
4294967279,219
4294967279,217
4294967278,213
4294967279,215
4294967278,215
4294967279,515
80,6
4294967294,392
4294967294,115
4294967279,211
4294967278,212
4294967278,211
80,5
4294967294,162
4294967294,176
4294967279,210
4294967278,209
4294967279,209
80,4
4294967278,208
80,3
80,2
80,1
4294967279,208
4294967278,207
4294967294,17
4294967294,76
4294967278,206
4294967278,205
4294967279,205
4294967278,204
79,4
4294967279,204
79,3
79,2
79,1
4294967279,317
4294967278,203
4294967294,27
4294967279,203
4294967294,0
4294967294,1
4294967294,28
4294967294,89
4294967279,549
4294967278,360
4294967279,548
4294967294,1417
4294967294,46
4294967294,389
4294967294,2
4294967279,547
4294967279,530
4294967278,358
4294967294,25
4294967279,293
4294967279,260
4294967278,239
4294967279,561
4294967294,50
4294967294,91
4294967294,87
4294967294,85
4294967294,150
4294967294,40
4294967294,37
4294967294,96
4294967294,94
4294967279,315
4294967279,195
4294967294,8
4294967279,316
4294967294,22
4294967278,108
4294967278,106
4294967278,105
4294967278,96
4294967294,81
4294967294,93
4294967294,95
4294967294,11
4294967279,194
4294967278,193
4294967294,1416
4294967294,43
4294967294,417
4294967294,52
4294967294,470
4294967294,146
4294967294,26
4294967279,314
0,5
4294967294,6
4294967294,12
4294967294,68
4294967294,142
4294967294,141
4294967294,139
4294967294,138
4294967294,133
4294967294,1016
4294967294,992
4294967294,990
4294967294,989
4294967294,988
4294967294,987
4294967294,60
4294967294,202
4294967294,1414
